100
14 46
7 4 17 3 14 8 11 6 9 18 12 15 19 1
32 319
34 45 31 4 2 33 5 3 21 38 40 35 13 25 46 12 24 30 29 19 42 20 41 39 27 8 36 1 9 26 7 17
51 814
38 40 12 72 69 3 30 31 16 9 35 61 28 7 23 51 59 68 66 70 14 53 60 6 25 63 47 49 42 33 29 62 10 34 19 37 65 50 74 43 71 21 58 5 54 1 13 26 55 39 15
64 1605
35 38 9 37 24 63 10 36 56 64 29 15 84 14 43 53 66 75 12 22 5 41 31 85 73 45 77 11 40 72 1 42 61 23 6 33 59 3 89 65 87 51 70 52 44 8 83 20 76 50 71 74 13 27 4 26 32 19 28 86 48 54 7 82
28 67
13 20 1 25 10 15 18 8 6 28 30 9 31 23 16 5 2 29 12 24 22 14 17 27 11 33 26 19
12 37
5 10 9 6 3 13 12 14 17 4 16 7
42 458
6 5 27 20 4 11 56 55 3 30 23 34 52 46 13 47 15 8 39 40 42 7 12 31 32 57 21 36 24 19 41 16 45 22 1 49 17 53 33 10 43 50
35 525
27 10 18 22 19 5 52 46 29 25 43 20 26 21 45 34 35 39 11 32 24 28 13 49 7 14 16 50 15 36 44 42 31 38 6
5 19
1 4 2 5 7
20 225
2 7 30 4 8 9 12 27 25 29 18 1 28 20 15 22 3 5 11 19
24 377
13 11 9 21 5 19 4 37 8 17 29 33 12 15 1 27 16 34 18 36 22 7 3 14
59 1618
26 85 3 84 68 41 10 61 60 77 17 31 6 32 11 76 4 30 12 9 62 81 20 2 22 65 88 53 66 75 29 36 67 78 52 35 71 1 74 37 25 5 43 80 58 33 70 40 39 24 87 64 21 23 27 79 73 51 82
22 175
29 9 13 18 19 16 32 28 1 21 26 6 5 24 4 34 22 31 14 25 20 23
8 42
7 13 4 10 1 5 3 6
12 68
16 2 17 7 3 10 1 11 8 15 5 12
24 237
17 31 6 16 7 23 27 18 3 13 1 15 20 26 2 9 11 24 5 4 14 28 19 25
75 1597
68 38 53 37 93 82 22 80 81 28 26 17 48 88 69 71 31 2 83 43 24 84 55 52 18 50 40 29 12 14 85 33 91 5 20 92 35 25 4 78 13 59 97 87 56 49 19 54 39 67 51 46 60 21 95 27 58 41 42 10 47 9 65 7 1 6 76 16 8 73 61 62 57 45 66
65 1109
82 85 14 46 60 64 68 37 42 57 5 66 83 9 41 10 39 26 25 53 17 70 43 61 2 80 44 55 4 49 27 8 51 36 63 59 20 38 52 56 50 45 48 6 15 19 71 11 78 1 40 47 24 35 86 72 75 21 12 79 28 33 58 13 32
59 1593
84 64 79 50 66 14 28 61 76 20 5 19 8 81 35 52 89 24 63 49 26 68 30 45 77 65 67 37 18 46 17 34 10 1 60 4 13 57 91 51 38 40 36 74 7 29 92 80 59 16 33 72 58 31 44 2 48 88 54
53 878
8 21 71 41 16 1 7 19 58 75 42 70 25 55 34 18 17 14 37 26 46 69 27 28 29 66 30 31 48 56 76 72 53 22 43 10 61 36 79 78 77 59 64 67 15 73 52 4 38 50 63 45 60
22 193
23 20 3 30 31 29 6 1 15 22 4 2 12 13 9 17 27 14 16 28 25 8
66 1636
76 10 69 21 64 62 2 72 71 42 25 22 17 60 6 50 5 53 79 37 80 23 51 97 48 55 65 95 30 15 9 63 14 58 4 47 44 38 32 34 61 43 39 35 77 31 49 28 89 7 82 12 59 54 94 33 78 46 84 73 24 81 41 18 68 66
61 1206
47 77 3 15 56 26 66 46 84 53 65 36 42 58 54 38 78 52 9 50 72 37 18 60 80 88 87 7 34 13 68 85 67 35 29 23 57 40 11 4 64 61 16 30 1 39 48 31 74 89 79 25 83 17 2 32 81 62 63 5 27
48 710
21 51 14 24 62 29 5 19 6 46 33 9 31 61 43 40 15 20 10 48 54 3 26 2 49 66 28 39 8 59 57 32 27 68 45 58 17 55 4 53 47 64 44 16 37 42 13 36
39 448
25 14 28 15 52 51 26 53 54 47 12 4 7 44 6 40 16 5 55 13 41 30 18 48 43 2 8 36 32 20 33 37 31 23 29 21 39 56 34
14 59
8 14 17 2 10 19 20 13 12 15 6 5 9 1
14 55
1 18 8 7 16 6 17 15 14 11 3 9 10 20
41 355
15 11 6 9 48 24 49 51 21 10 40 39 2 47 18 16 1 3 37 28 45 30 33 46 4 12 29 35 26 25 7 5 8 36 27 38 32 41 20 34 44
22 137
5 30 23 10 20 16 3 14 12 8 28 17 11 1 18 19 24 21 6 7 13 22
32 175
19 34 13 27 12 10 17 9 24 28 1 38 5 15 29 6 20 14 22 32 2 25 8 7 4 30 36 33 16 18 31 21
38 743
29 46 38 26 15 9 62 37 21 13 11 40 1 41 28 34 30 22 36 20 44 55 42 35 18 8 32 24 57 61 23 7 52 25 51 39 59 19
32 457
22 10 40 29 33 5 38 21 11 28 7 25 42 20 18 39 44 3 35 34 19 16 36 41 30 26 45 17 47 2 12 13
56 1898
18 23 17 1 27 7 59 68 69 46 66 52 71 13 25 24 12 45 15 3 60 67 38 11 78 44 26 75 63 55 54 5 77 33 2 6 58 16 10 53 57 19 47 31 28 32 21 35 20 48 34 30 56 43 42 41
61 1385
1 23 42 87 2 65 31 63 46 27 64 85 11 50 44 79 22 9 53 49 81 7 68 37 13 35 69 76 4 16 88 71 77 5 12 14 25 54 58 59 39 82 52 80 21 8 26 73 84 33 28 29 10 41 55 30 18 62 70 83 43
11 19
7 10 4 5 6 11 2 8 9 3 1
58 1577
57 29 51 61 16 8 32 52 93 92 21 20 34 7 24 12 82 41 49 70 78 81 31 1 2 74 87 89 84 48 83 33 64 56 44 80 69 54 62 59 15 22 73 68 43 6 85 38 13 45 27 91 11 71 63 5 79 9
65 1694
26 17 40 81 65 97 6 20 30 12 69 7 58 23 18 29 49 8 76 27 21 34 56 41 90 4 64 77 47 52 72 39 88 85 57 46 22 95 24 89 5 51 25 73 87 86 82 66 15 61 75 38 10 44 92 62 42 80 19 53 67 14 36 13 2
30 180
15 7 34 41 29 27 18 30 39 23 38 40 37 35 8 4 14 1 13 11 19 33 22 32 5 24 25 12 36 9
56 1009
67 72 49 55 9 21 8 69 25 17 46 40 2 31 56 32 13 11 6 71 58 60 14 53 35 7 59 18 44 51 52 29 42 43 34 54 1 27 20 3 22 36 15 39 57 19 5 4 30 70 28 47 65 10 50 38
33 492
1 6 45 28 8 44 21 47 31 39 4 32 13 35 29 24 2 7 15 17 46 50 10 16 38 33 18 37 5 27 25 11 19
15 28
7 10 15 18 6 12 16 14 9 1 11 4 2 13 5
41 445
5 2 32 51 25 21 56 24 3 23 45 43 52 35 29 17 11 27 46 47 50 22 4 40 55 34 18 26 8 15 1 31 48 7 39 33 20 36 30 28 12
57 1570
33 84 43 89 55 85 68 61 62 51 58 35 64 36 6 4 15 13 60 77 16 14 1 19 29 9 87 92 30 86 72 93 49 26 73 59 81 37 63 41 46 38 32 67 69 75 10 28 50 52 11 65 57 71 25 90 39
42 606
18 29 35 2 52 10 55 15 45 33 37 34 50 19 7 46 16 27 53 4 20 40 11 24 51 43 25 32 41 22 39 44 26 47 31 57 8 42 23 1 12 21
68 1489
87 32 88 18 35 42 28 17 90 79 30 59 52 68 95 73 15 56 25 20 69 5 83 58 92 14 40 22 6 1 66 29 45 74 4 31 19 47 7 67 84 63 76 13 12 34 50 77 75 44 81 39 82 57 60 61 53 89 98 71 3 27 16 86 65 62 72 24
18 199
7 1 9 2 11 3 5 28 21 12 22 19 14 13 10 20 25 23
61 1291
61 71 6 63 51 3 39 78 67 49 5 75 34 22 4 50 24 28 42 65 14 73 37 29 11 41 26 21 76 43 79 47 33 38 18 66 44 70 9 59 56 57 60 10 45 64 32 20 25 7 80 23 13 53 54 31 48 16 68 2 8
47 1459
81 15 42 16 48 22 71 12 80 50 75 45 7 78 1 68 44 83 46 29 28 69 5 26 77 58 63 85 47 65 35 79 3 52 76 19 67 43 20 2 55 61 23 72 38 82 33
18 183
12 11 6 21 13 9 14 2 1 10 18 22 4 17 16 8 19 15
43 335
37 14 43 36 21 47 54 42 49 8 23 40 50 5 1 31 29 7 11 48 38 44 4 9 30 27 34 12 18 39 13 52 25 20 24 33 26 45 2 15 6 35 3
31 256
28 38 18 27 30 14 23 35 15 16 33 21 11 17 5 25 37 31 4 36 12 26 40 7 19 42 34 6 20 39 10
42 397
6 23 13 14 21 30 24 2 48 7 10 27 1 36 49 47 51 45 17 31 18 16 15 28 3 32 46 38 4 34 44 29 35 52 12 20 33 19 39 8 25 41
14 106
6 22 23 18 14 8 1 7 15 10 5 16 12 13
40 374
39 33 22 2 34 21 41 44 18 15 20 35 3 43 12 13 48 51 5 25 10 4 23 24 40 37 46 19 8 45 6 32 47 31 16 17 7 27 42 49
16 142
4 23 7 27 3 6 21 17 2 19 24 20 14 11 25 13
28 233
1 32 18 22 25 28 34 5 13 30 12 10 7 37 16 8 20 3 27 2 14 17 31 15 4 9 24 6
62 1521
87 70 37 90 72 35 83 95 8 59 21 47 82 79 53 88 46 41 27 24 11 86 56 71 34 52 40 29 23 36 20 92 63 39 2 94 66 67 26 3 38 61 55 75 74 10 81 13 62 54 28 60 1 30 48 45 93 69 16 50 18 4
10 11
13 8 9 6 5 10 4 12 11 2
42 568
18 51 58 60 21 3 9 52 8 1 55 23 16 47 26 38 30 46 53 43 35 19 48 41 13 37 36 11 28 12 33 7 22 54 32 24 25 17 40 10 45 15
43 325
16 32 6 49 48 50 40 8 52 55 18 2 31 51 28 4 34 20 44 26 46 29 35 47 17 56 3 41 5 38 15 37 1 25 36 39 45 14 33 23 12 53 7
6 9
2 9 6 7 8 4
15 69
7 14 17 6 9 12 5 4 3 20 21 1 19 8 16
41 640
54 15 36 9 39 23 60 51 8 7 38 32 26 61 52 2 12 17 21 56 5 49 16 1 35 11 44 37 34 50 22 24 20 58 3 31 53 57 28 29 25
49 404
11 7 34 37 30 53 46 29 26 13 17 62 12 9 54 18 49 45 50 42 28 22 63 55 27 25 47 60 43 51 40 57 21 3 52 59 14 58 38 31 33 6 2 4 16 1 15 56 41
33 435
5 22 32 23 1 39 25 21 47 16 9 49 34 41 38 24 20 6 7 36 33 2 8 11 4 12 48 3 29 28 30 45 42
56 977
27 42 53 17 2 25 69 41 70 37 33 39 15 12 79 43 4 32 75 57 47 19 61 16 44 66 54 7 18 56 40 10 31 60 64 6 78 14 36 8 51 46 34 22 20 38 26 50 13 24 59 29 62 63 68 71
2 0
1 2
19 154
15 16 10 20 5 1 11 14 7 19 17 4 21 23 25 6 22 12 18
70 1269
33 14 68 71 2 8 96 72 13 38 41 86 87 28 31 78 66 81 75 39 20 73 11 46 53 80 62 21 3 36 17 63 55 83 48 9 15 76 69 88 54 58 60 85 32 51 65 10 95 24 64 59 26 56 18 52 94 70 50 49 93 79 19 57 89 23 35 77 25 45
70 794
82 33 72 69 26 83 12 11 75 9 32 54 74 7 27 21 61 56 35 45 39 40 16 58 19 17 60 65 20 76 10 24 51 2 28 6 1 47 46 86 13 50 57 64 53 70 66 14 42 41 81 71 62 84 55 34 85 8 31 15 77 37 23 5 38 3 43 49 63 18
68 1691
19 50 13 44 58 27 15 42 47 78 46 26 21 52 64 34 88 84 1 71 59 35 54 4 28 30 37 89 68 43 82 18 17 11 32 6 73 93 83 76 39 8 31 9 63 51 79 14 22 55 57 80 85 65 87 20 86 69 72 12 56 77 49 38 23 62 36 53
9 0
6 9 8 2 7 1 5 4 3
59 1087
80 4 22 23 24 45 59 40 76 57 73 3 32 31 65 52 29 70 66 42 13 72 7 30 44 75 36 63 33 12 38 53 37 60 16 55 49 64 10 15 27 77 26 84 17 61 78 39 69 2 67 25 5 14 20 51 71 54 21
39 592
20 14 36 3 7 45 35 21 5 30 23 34 56 17 46 55 27 11 6 33 53 47 44 51 19 41 18 58 28 37 12 15 39 25 2 8 32 24 42
12 19
4 3 2 9 8 12 1 11 10 14 5 7
37 257
33 4 41 10 5 17 16 42 47 35 27 12 21 44 38 3 13 7 26 43 30 15 23 22 46 28 8 9 29 31 45 19 40 1 24 6 11
4 5
3 6 2 5
39 1010
15 58 16 4 27 52 22 7 54 19 43 25 9 21 14 63 26 39 6 55 28 42 10 34 24 1 12 51 23 60 48 41 62 17 47 38 32 18 29
32 279
9 1 26 8 43 33 7 2 19 5 37 10 42 4 39 13 38 11 17 36 12 41 32 40 44 22 16 15 27 3 28 31
8 22
10 12 1 4 8 7 3 11
50 656
39 64 32 18 52 27 31 30 15 29 43 17 55 20 10 21 68 63 33 26 28 22 3 51 59 13 41 56 40 67 36 61 8 38 60 42 4 45 12 35 48 53 6 37 16 1 19 14 25 57
14 24
15 14 2 6 18 8 17 12 9 5 13 7 10 11
29 236
10 27 11 13 2 17 20 28 5 7 8 16 18 39 1 32 35 25 37 9 23 29 34 36 4 24 12 19 3
14 101
12 16 22 6 9 19 17 13 21 20 7 3 10 24
50 727
7 8 63 43 15 59 13 68 21 56 3 24 10 16 28 42 39 64 33 31 17 45 65 30 11 67 58 37 71 5 46 4 41 55 40 19 66 35 26 36 61 70 23 69 1 29 57 2 49 51
75 962
78 77 37 88 39 14 84 32 11 92 24 33 36 48 19 64 82 27 58 60 85 7 1 87 20 8 45 12 53 70 95 68 94 54 47 43 44 25 26 40 89 55 21 71 83 96 56 34 63 80 6 50 86 23 74 72 31 16 18 61 66 28 76 4 57 9 29 90 73 30 41 91 22 93 79
59 1395
16 71 85 17 34 20 63 57 30 40 58 46 8 12 37 14 3 5 72 74 25 62 70 88 15 29 61 52 48 47 26 89 90 18 75 83 56 54 31 32 44 22 53 21 79 73 84 60 7 42 77 9 86 59 82 27 78 76 67
7 16
4 9 8 1 5 10 2
64 1396
57 70 82 26 65 52 80 30 5 76 81 17 35 46 60 14 51 48 71 83 59 73 3 41 29 61 84 62 11 56 75 7 28 74 79 22 42 33 77 50 49 21 34 38 27 55 15 72 54 16 63 39 37 58 66 44 2 13 43 10 40 64 20 36
41 387
31 6 23 20 1 44 54 35 42 37 34 26 47 38 13 51 9 46 36 4 14 21 45 29 32 33 15 48 19 16 8 10 22 25 3 11 17 18 27 39 49
58 751
52 28 63 49 72 74 78 38 5 47 43 13 21 70 45 26 39 10 15 8 41 60 54 73 2 71 50 64 46 14 66 53 44 67 31 33 68 56 1 61 42 57 36 17 77 7 3 32 29 65 58 25 30 16 18 24 20 23
55 880
31 78 73 69 35 71 43 74 55 24 68 52 65 17 15 67 28 76 20 64 13 18 59 57 6 77 60 36 27 9 26 7 56 40 46 58 39 61 22 12 44 72 42 5 4 49 48 16 3 63 37 66 51 47 34
6 39
8 6 3 9 12 1
64 1260
35 9 68 40 18 27 22 90 30 51 2 14 10 23 72 12 28 39 58 8 73 41 82 54 69 89 50 5 34 70 52 86 4 74 11 77 88 84 37 55 85 57 17 16 83 66 38 92 21 64 81 75 43 53 87 45 91 3 25 94 48 59 78 93
33 368
34 36 25 12 21 2 44 6 3 15 22 29 27 32 18 16 46 28 39 38 4 24 33 20 41 42 10 1 30 35 26 7 40
11 64
15 1 2 5 9 4 17 7 13 10 6
63 1704
9 81 63 72 47 29 55 26 60 96 36 76 56 89 70 80 48 43 79 51 58 49 4 24 52 94 11 5 2 53 68 74 75 93 78 54 38 34 16 82 30 12 87 62 69 18 14 3 65 64 32 13 35 97 37 46 33 44 83 66 57 50 7
20 198
27 2 25 30 22 29 26 31 17 21 12 7 20 5 23 11 9 10 4 8
65 914
50 83 31 1 51 61 42 52 9 29 28 26 13 46 24 63 62 65 10 67 81 18 41 15 12 19 57 66 43 55 2 78 68 7 59 44 60 23 64 56 3 37 86 25 35 53 79 70 27 84 47 36 54 14 39 77 69 76 11 73 58 5 6 8 74
54 946
45 11 31 18 48 2 22 8 33 13 24 50 26 15 5 53 59 16 42 70 30 52 71 41 69 20 73 54 40 74 27 21 36 38 25 46 63 6 66 9 67 34 3 37 14 58 75 1 43 12 23 4 19 62
